 pmap -X 4899
4899:   ./memory-user 100
         Address Perm   Offset Device  Inode   Size    Rss    Pss Pss_Dirty Referenced Anonymous KSM LazyFree ShmemPmdMapped FilePmdMapped Shared_Hugetlb Private_Hugetlb Swap SwapPss Locked THPeligible Mapping
    5f9322a42000 r--p 00000000  08:03 315555      4      4      0         0          4         0   0        0              0             0              0               0    0       0      0           0 memory-user
    5f9322a43000 r-xp 00001000  08:03 315555      4      4      0         0          4         0   0        0              0             0              0               0    0       0      0           0 memory-user
    5f9322a44000 r--p 00002000  08:03 315555      4      4      0         0          4         0   0        0              0             0              0               0    0       0      0           0 memory-user
    5f9322a45000 r--p 00002000  08:03 315555      4      4      4         4          4         4   0        0              0             0              0               0    0       0      0           0 memory-user
    5f9322a46000 rw-p 00003000  08:03 315555      4      4      4         4          4         4   0        0              0             0              0               0    0       0      0           0 memory-user
    5f933c8fb000 rw-p 00000000  00:00      0    132      4      4         4          4         4   0        0              0             0              0               0    0       0      0           0 [heap]
    77d9683ff000 rw-p 00000000  00:00      0 102404 102404 102404    102404     102404    102404   0        0              0             0              0               0    0       0      0           0 
    77d96e800000 r--p 00000000  08:03 176648    160    156      1         0        156         0   0        0              0             0              0               0    0       0      0           0 libc.so.6
    77d96e828000 r-xp 00028000  08:03 176648   1568    984      8         0        984         0   0        0              0             0              0               0    0       0      0           0 libc.so.6
    77d96e9b0000 r--p 001b0000  08:03 176648    316    100      0         0        100         0   0        0              0             0              0               0    0       0      0           0 libc.so.6
    77d96e9ff000 r--p 001fe000  08:03 176648     16     16     16        16         16        16   0        0              0             0              0               0    0       0      0           0 libc.so.6
    77d96ea03000 rw-p 00202000  08:03 176648      8      8      8         8          8         8   0        0              0             0              0               0    0       0      0           0 libc.so.6
    77d96ea05000 rw-p 00000000  00:00      0     52     16     16        16         16        16   0        0              0             0              0               0    0       0      0           0 
    77d96ea65000 rw-p 00000000  00:00      0     12      8      8         8          8         8   0        0              0             0              0               0    0       0      0           0 
    77d96ea76000 rw-p 00000000  00:00      0      8      4      4         4          4         4   0        0              0             0              0               0    0       0      0           0 
    77d96ea78000 r--p 00000000  00:00      0      8      0      0         0          0         0   0        0              0             0              0               0    0       0      0           0 [vvar]
    77d96ea7a000 r--p 00000000  00:00      0      8      0      0         0          0         0   0        0              0             0              0               0    0       0      0           0 [vvar_vclock]
    77d96ea7c000 r-xp 00000000  00:00      0      8      4      0         0          4         0   0        0              0             0              0               0    0       0      0           0 [vdso]
    77d96ea7e000 r--p 00000000  08:03 176571      4      4      0         0          4         0   0        0              0             0              0               0    0       0      0           0 ld-linux-x86-64.so.2
    77d96ea7f000 r-xp 00001000  08:03 176571    172    172      1         0        172         0   0        0              0             0              0               0    0       0      0           0 ld-linux-x86-64.so.2
    77d96eaaa000 r--p 0002c000  08:03 176571     40     40      0         0         40         0   0        0              0             0              0               0    0       0      0           0 ld-linux-x86-64.so.2
    77d96eab4000 r--p 00036000  08:03 176571      8      8      8         8          8         8   0        0              0             0              0               0    0       0      0           0 ld-linux-x86-64.so.2
    77d96eab6000 rw-p 00038000  08:03 176571      8      8      8         8          8         8   0        0              0             0              0               0    0       0      0           0 ld-linux-x86-64.so.2
    7fffa11ad000 rw-p 00000000  00:00      0    132     16     16        16         16        16   0        0              0             0              0               0    0       0      0           0 [stack]
ffffffffff600000 --xp 00000000  00:00      0      4      0      0         0          0         0   0        0              0             0              0               0    0       0      0           0 [vsyscall]
                                             ====== ====== ====== ========= ========== ========= === ======== ============== ============= ============== =============== ==== ======= ====== =========== 
                                             105088 103972 102510    102500     103972    102500   0        0              0             0              0               0    0       0      0           0 KB 
